"","V1","V2","V3","V4","V5","V6","V7","V8","V9","V10","V11","V12","V13","V14","V15"
"1",3.93616884160546,-5.23649776170425,-3.79807081924988,-1.62568833420261,3.21619365553538,1,1,1,1,1,3,3,3,4,3
"2",-4.23353202952101,-4.33569372204114,0.132634481233188,-6.56204016928357,-1.0671043027302,NA,1,2,2,2,1,1,2,1,2
"3",-2.90111495892617,-4.86853029881891,2.24283469289705,-9.37646447821939,-1.47536321829217,NA,NA,2,3,3,1,1,2,1,2
"4",2.73087407304325,6.4855809000733,-4.14584720777417,-2.12135553051435,7.00839726799124,NA,NA,NA,1,4,2,2,1,3,1
"5",2.13551378055518,7.50605374172231,-3.88470249234789,-2.47644341515482,7.08943293674996,NA,NA,NA,NA,4,2,2,1,3,1
"6",4.44583657471065,-4.93755474337589,-2.95113216981061,-1.4072942144725,2.02903493469692,NA,NA,NA,NA,NA,3,3,3,4,3
"7",2.70198171040775,-5.28442508587626,-3.65656013327327,-2.94045742575177,3.52502984700516,NA,NA,NA,NA,NA,NA,3,3,4,3
"8",-2.20324118008246,5.80099017101974,-4.33218720465681,1.1100367492199,-4.69729327889864,NA,NA,NA,NA,NA,NA,NA,1,2,4
"9",-0.235401371056691,7.11446022538262,-3.30340467383301,-0.847188600338384,-5.99331880216775,NA,NA,NA,NA,NA,NA,NA,NA,2,4
"10",-4.10667355713154,-4.91539400742809,0.667565110072267,-6.2903780643383,-0.499180184257295,NA,NA,NA,NA,NA,NA,NA,NA,NA,2
